$ 0 1 0.18682459574322224 1 5 43
L 656 784 560 784 0 0 false 5 0
L 656 816 560 816 0 1 false 5 0
L 656 880 560 880 0 0 false 5 0
L 656 944 560 944 0 0 false 5 0
L 656 976 560 976 0 1 false 5 0
L 656 1008 560 1008 0 0 false 5 0
L 656 1040 560 1040 0 0 false 5 0
L 656 1104 560 1104 0 0 false 5 0
L 656 1264 560 1264 0 0 false 5 0
L 656 1232 560 1232 0 0 false 5 0
L 656 1200 560 1200 0 0 false 5 0
L 656 1168 560 1168 0 0 false 5 0
164 1712 976 1792 976 1024 4 0 0 5 5 false 0
x 334 707 423 710 4 24 next\sline
x 2041 1093 2181 1096 4 24 counter\sreset
b 528 752 682 1296 0
x 394 789 504 792 4 24 Instruction
x 367 999 500 1002 4 24 4\sbit\snumber
x 394 818 504 821 4 24 Instruction
x 356 882 513 885 4 24 ram\sor\snumber
x 351 1111 508 1114 4 24 ram\sor\snumber
x 368 1222 501 1225 4 24 4\sbit\snumber
x 366 653 548 656 4 24 high\s\q\swrite\scode
w 1184 624 1312 624 0
w 1104 688 1104 624 0
w 1104 688 1216 688 0
413 1216 688 1296 688 1024 8 8 0 8 16 10 18 -1 -2
w 1216 752 1056 752 0
w 1216 720 1056 720 0
180 992 752 1056 752 0 0.1 10000000000
180 992 704 1056 704 0 0.1 10000000000
180 992 800 1056 800 0 0.1 10000000000
w 1056 704 1056 720 0
180 992 944 1056 944 0 0.1 10000000000
180 992 848 1056 848 0 0.1 10000000000
180 992 896 1056 896 0 0.1 10000000000
180 992 992 1056 992 0 0.1 10000000000
180 992 1040 1056 1040 0 0.1 10000000000
w 1056 1040 1216 944 0
w 1056 992 1216 912 0
w 1056 944 1216 880 0
w 1056 896 1216 848 0
w 1056 848 1216 816 0
w 1056 800 1216 784 0
w 1056 1040 1040 1072 0
w 1040 1072 960 1072 0
w 1056 992 1056 1008 0
w 1056 1008 960 1024 0
w 1056 944 1056 960 0
w 1056 960 960 976 0
w 1056 896 1056 912 0
w 1056 912 960 928 0
w 1056 848 1056 864 0
w 1056 864 960 880 0
w 1056 800 1056 816 0
w 1056 816 960 832 0
w 1056 752 1056 768 0
w 1056 768 960 784 0
w 1056 720 960 736 0
w 1024 1056 1104 624 0
w 1104 624 1024 1008 0
I 1104 624 1184 624 0 0.5 5
w 1024 960 1104 624 0
w 1104 624 1024 912 0
w 1024 864 1104 624 0
w 1024 816 1104 624 0
w 1104 624 1024 768 0
w 1024 720 1104 624 0
I 976 1152 1056 1152 0 0.5 5
w 928 1312 832 1328 0
w 928 1296 928 1312 0
w 928 1360 832 1376 0
w 928 1344 928 1360 0
w 928 1408 832 1424 0
w 928 1392 928 1408 0
w 912 1472 832 1472 0
w 928 1440 912 1472 0
180 864 1440 928 1440 0 0.1 10000000000
180 864 1392 928 1392 0 0.1 10000000000
180 864 1296 928 1296 0 0.1 10000000000
180 864 1344 928 1344 0 0.1 10000000000
413 1088 1216 1168 1216 1024 8 4 0 1 2 0 0 -1 -2
w 976 1216 1088 1216 0
w 976 1216 976 1152 0
w 1056 1152 1184 1152 0
w 1184 1152 1184 1216 0
w 896 1312 976 1152 0
w 976 1152 896 1360 0
w 896 1408 976 1152 0
w 976 1152 896 1456 0
w 928 1440 1088 1472 0
w 928 1392 1088 1440 0
w 928 1344 1088 1408 0
w 1088 1376 928 1296 0
x 540 947 546 950 4 12 1
x 541 979 547 982 4 12 2
x 542 1011 548 1014 4 12 4
x 544 1042 550 1045 4 12 8
x 542 1265 548 1268 4 12 8
x 539 1237 545 1240 4 12 4
x 539 1203 545 1206 4 12 2
x 542 1172 548 1175 4 12 1
w 976 1216 896 1168 0
w 896 1168 896 624 0
w 896 624 976 624 0
w 736 1168 864 1440 0
w 736 1200 864 1392 0
w 736 1232 864 1344 0
w 736 1264 864 1296 0
w 736 784 992 1040 0
w 992 992 736 816 0
w 736 880 992 944 0
w 736 944 992 896 0
w 736 976 992 848 0
w 736 1008 992 800 0
w 736 1040 992 752 0
w 736 1104 992 704 0
w 1712 1072 1312 944 0
w 1312 912 1712 1040 0
w 1712 1008 1312 880 0
w 1312 848 1712 976 0
w 1184 1408 1712 1008 0
w 1712 976 1184 1376 0
w 1104 688 976 624 0
w 976 624 976 560 0
w 976 560 768 560 0
x 375 614 544 617 4 24 execute\sor\swrite
w 1312 688 1312 624 0
194 1088 528 1248 528 0 false 2
w 1184 1440 1712 1040 0
w 1712 1072 1184 1472 0
w 1184 528 1872 544 0
w 1872 544 1872 1008 0
152 1920 1072 1808 1072 0 2 0 5
w 1872 1008 1920 1008 0
w 1920 1008 1920 1056 0
I 976 560 1088 528 0 0.5 5
w 1808 976 1904 944 0
w 1904 944 1904 496 0
w 1904 496 688 496 0
w 688 496 688 704 0
w 960 1072 960 1088 0
w 960 1088 1312 1088 0
w 960 1024 944 1024 0
w 944 1024 944 1104 0
w 944 1104 1296 1104 0
w 960 976 928 976 0
w 928 976 928 1120 0
w 928 1120 1280 1120 0
w 960 928 912 928 0
w 912 928 912 1136 0
w 912 1136 1264 1136 0
w 832 1472 832 1520 0
w 832 1424 816 1424 0
w 816 1424 816 1536 0
w 832 1376 800 1376 0
w 800 1376 800 1552 0
w 832 1328 784 1328 0
w 784 1328 784 1568 0
w 608 704 688 704 0
L 768 560 560 624 0 0 false 5 0
w 656 784 736 784 0
w 656 816 736 816 0
w 736 880 656 880 0
w 656 944 736 944 0
w 736 976 656 976 0
w 656 1008 736 1008 0
w 736 1040 656 1040 0
w 656 1104 736 1104 0
w 736 1168 656 1168 0
w 656 1200 736 1200 0
w 736 1232 656 1232 0
w 656 1264 736 1264 0
w 960 880 768 1328 0
w 960 832 752 1328 0
w 960 784 736 1328 0
w 960 736 720 1312 0
w 768 1328 768 1584 0
w 752 1328 752 1600 0
w 736 1328 736 1616 0
w 720 1312 720 1632 0
w 1312 1088 1312 1520 0
w 1296 1104 1296 1584 0
w 1296 1584 1312 1584 0
w 1280 1120 1280 1648 0
w 1280 1648 1312 1648 0
w 1264 1136 1264 1712 0
w 1264 1712 1312 1712 0
w 768 1584 768 1744 0
w 768 1744 1264 1760 0
w 1264 1760 1312 1760 0
w 752 1600 752 1776 0
w 752 1776 1264 1808 0
w 1264 1808 1312 1808 0
w 736 1616 736 1808 0
w 736 1808 1264 1856 0
w 1264 1856 1312 1856 0
w 720 1632 720 1840 0
w 720 1840 1264 1904 0
w 1264 1904 1312 1904 0
w 832 1520 832 1920 0
w 832 1920 1264 1952 0
w 1264 1952 1312 1952 0
w 816 1536 816 1952 0
w 816 1952 1264 2000 0
w 1264 2000 1312 2000 0
w 800 1552 800 1984 0
w 800 1984 1264 2048 0
w 1264 2048 1312 2048 0
w 784 1568 784 2016 0
w 784 2016 1264 2096 0
w 1264 2096 1312 2096 0
s 480 704 608 704 0 1 true
R 480 704 464 704 0 0 40 5 0 0 0.5
s 1920 1088 2000 1088 0 1 true
R 2000 1088 2032 1088 0 0 40 5 0 0 0.5
x 2325 1313 2506 1316 4 24 user\sstorage\sram
w 2304 1232 2304 1296 0
w 2096 1232 2096 1296 0
I 2096 1232 2176 1232 0 0.5 5
413 2208 1296 2288 1296 1024 8 4 0 2 1 2 0 -1 7 10 1 -1 -2
w 2096 1296 2208 1296 0
w 2176 1232 2304 1232 0
w 1312 1520 1552 1520 0
w 1312 1584 1552 1584 0
w 1728 1520 1824 1472 0
w 1728 1584 1824 1536 0
I 1824 1472 1824 1360 0 0.5 5
w 1824 1536 1872 1536 0
w 1872 1536 1872 1440 0
I 1872 1440 1872 1328 0 0.5 5
w 1824 1360 1824 1280 0
w 1824 1280 1872 1280 0
150 1872 1296 1984 1296 0 2 0 5
w 1872 1328 1872 1312 0
w 1984 1296 2096 1296 0
x 1951 1273 2092 1276 4 20 low\smeans\sread
x 234 785 338 788 4 24 00\s\q\swrite
x 235 820 337 823 4 24 01\s\q\sread
x 237 882 319 885 4 24 1\s\q\sram
x 231 1112 313 1115 4 24 1\s\q\sram
w 1312 1648 1600 1648 0
w 1600 1712 1632 1712 0
w 1600 1760 1632 1760 0
w 1312 1904 1584 1904 0
w 1552 1520 1728 1520 0
w 1728 1584 1552 1584 0
180 2144 1552 2208 1552 0 0.1 10000000000
180 2144 1520 2208 1520 0 0.1 10000000000
180 2144 1456 2208 1456 0 0.1 10000000000
180 2144 1488 2208 1488 0 0.1 10000000000
w 2176 1568 2096 1232 0
w 2176 1536 2096 1232 0
w 2176 1504 2096 1232 0
w 2176 1472 2096 1232 0
w 1632 1760 2576 1632 0
w 2512 1552 2576 1552 0
w 2576 1552 2576 1632 0
w 1632 1808 2592 1648 0
w 2592 1648 2592 1488 0
w 2528 1488 2592 1488 0
w 2544 1424 2608 1424 0
w 2608 1424 2608 1664 0
w 2608 1664 1632 1856 0
150 2016 1392 2096 1392 0 2 0 5
150 2016 1520 2096 1520 0 2 0 5
150 2016 1456 2096 1456 0 2 0 5
150 2016 1584 2096 1584 0 2 0 5
w 2096 1584 2144 1552 0
w 2096 1520 2144 1520 0
w 2144 1488 2096 1456 0
w 2144 1456 2096 1392 0
w 2096 1568 2352 2064 0
w 2096 1536 2352 1984 0
w 2096 1504 2352 1904 0
w 2096 1472 2352 1840 0
w 1984 1296 1984 1376 0
w 1984 1376 2016 1376 0
w 1984 1376 1984 1440 0
w 1984 1440 2016 1440 0
w 1984 1440 1984 1504 0
w 1984 1504 2016 1504 0
w 1984 1504 1984 1568 0
w 1984 1568 2016 1568 0
w 1632 1952 1744 1920 0
w 1632 2000 1744 1984 0
w 1632 2048 1744 2048 0
w 1632 2096 1744 2112 0
w 1856 1904 2016 1408 0
w 2016 1472 1856 1968 0
w 2016 1536 1856 2032 0
w 2016 1600 1856 2096 0
w 1632 1712 2304 1616 0
w 1744 2112 1856 1904 0
w 1744 2048 1856 1968 0
w 1744 1984 1856 2032 0
w 1744 1920 1856 2096 0
w 2304 1552 2304 1616 0
w 2304 1520 2512 1552 0
w 2528 1488 2304 1488 0
w 2304 1456 2544 1424 0
w 2096 1568 2208 1568 0
w 2208 1568 2208 1552 0
w 2208 1520 2208 1536 0
w 2208 1536 2096 1536 0
w 2096 1504 2208 1504 0
w 2208 1504 2208 1488 0
w 2208 1456 2208 1472 0
w 2208 1472 2096 1472 0
w 2352 1840 2416 2064 0
w 2352 1904 2416 1984 0
w 2352 1984 2416 1904 0
w 2352 2064 2416 1840 0
x 142 976 336 979 4 24 when\sreading:\sslot
x 151 1013 335 1016 4 24 when\swriting:\sslot
x 128 1236 332 1239 4 24 when\swriting:\svalue
x 119 1202 341 1205 4 24 when\sreading:\sempty
x 2305 1601 2575 1604 4 24 change\sadrs\sbefore\svalue
414 1360 1936 1504 1936 0 1.5 0 1 10000000
414 1360 2000 1504 2000 0 1.5 0 1 10000000
414 1360 2064 1504 2064 0 1.5 0 1 10000000
414 1360 2128 1504 2128 0 1.5 0 1 10000000
R 1360 2000 1344 2000 0 0 40 5 0 0 0.5
R 1360 2064 1344 2064 0 0 40 5 0 0 0.5
R 1360 2128 1344 2128 0 0 40 5 0 0 0.5
w 1312 2000 1360 2032 0
w 1312 2048 1360 2096 0
w 1312 2096 1360 2160 0
w 1632 1952 1456 1936 0
w 1456 2000 1632 2000 0
w 1456 2064 1632 2048 0
w 1456 2128 1632 2096 0
g 1456 2096 1472 2096 0 0
g 1456 2032 1472 2032 0 0
g 1456 1968 1472 1968 0 0
g 1456 2160 1472 2160 0 0
R 1360 1936 1344 1936 0 0 40 5 0 0 0.5
r 1856 2096 1856 2144 0 1000
g 1856 2144 1856 2160 0 0
g 1904 2080 1904 2096 0 0
r 1856 2032 1904 2080 0 1000
r 1856 1968 1920 2032 0 1000
r 1856 1904 1952 2000 0 1000
g 1920 2032 1920 2064 0 0
g 1952 2000 1952 2032 0 0
w 1312 1952 1360 1968 0
w 1904 944 2704 944 0
w 2704 944 2704 1696 0
s 2704 1696 2816 1696 0 1 true
R 2816 1696 2864 1696 0 0 40 5 0 0 0.5
g 1488 1888 1504 1888 0 0
g 1488 1696 1504 1696 0 0
g 1488 1760 1504 1760 0 0
g 1488 1824 1504 1824 0 0
414 1392 1856 1536 1856 0 1 0 1 10000000
414 1392 1792 1536 1792 0 1 0 1 10000000
414 1392 1728 1536 1728 0 1 0 1 10000000
414 1392 1664 1536 1664 0 1 0 1 10000000
R 1392 1856 1376 1856 0 0 40 5 0 0 0.5
R 1392 1792 1376 1792 0 0 40 5 0 0 0.5
R 1392 1728 1376 1728 0 0 40 5 0 0 0.5
R 1392 1664 1376 1664 0 0 40 5 0 0 0.5
w 1312 1856 1392 1888 0
w 1312 1808 1392 1824 0
w 1312 1760 1392 1760 0
w 1312 1712 1392 1696 0
w 1488 1664 1568 1712 0
w 1488 1728 1568 1760 0
w 1488 1792 1568 1808 0
w 1488 1856 1568 1856 0
r 1568 1856 1568 1872 0 1000
g 1568 1872 1568 1888 0 0
r 1568 1808 1568 1824 0 1000
g 1568 1824 1568 1840 0 0
r 1568 1760 1568 1776 0 1000
g 1568 1776 1568 1792 0 0
r 1568 1712 1568 1728 0 1000
g 1568 1728 1568 1744 0 0
w 1568 1712 1600 1712 0
w 1568 1760 1600 1760 0
w 1568 1808 1632 1808 0
w 1568 1856 1632 1856 0
w 1936 1152 2784 1152 0
w 2784 1152 2784 1600 0
s 2784 1600 2880 1600 0 1 true
R 2880 1600 2944 1600 0 0 40 5 0 0 0.5
x 2978 1607 3031 1610 4 24 reset
x 2904 1701 2993 1704 4 24 next\sline
w 1920 1088 1936 1152 0
w 2304 1232 2640 1232 0
w 2640 1232 2640 1744 0
w 2640 1744 2416 1744 0
w 2416 1744 2416 1808 0
150 2464 1824 2608 1824 0 2 0 5
150 2464 1920 2608 1920 0 2 4.999999999999999 5
150 2464 2016 2608 2016 0 2 0 5
150 2464 2096 2608 2096 0 2 0 5
w 2416 1808 2432 1808 0
w 2432 1808 2432 1936 0
w 2432 1936 2464 1936 0
w 2432 1936 2432 2032 0
w 2432 2032 2464 2032 0
w 2432 2032 2432 2112 0
w 2432 2112 2464 2112 0
w 2416 2064 2464 2080 0
w 2432 1808 2464 1808 0
w 2464 1840 2416 1840 0
w 2416 1904 2464 1904 0
w 2464 2000 2416 1984 0
162 2608 1824 2736 1824 2 default-led 1 0 0 0.01
162 2608 1920 2736 1920 2 default-led 1 0 0 0.01
162 2608 2016 2736 2016 2 default-led 1 0 0 0.01
162 2608 2096 2736 2096 2 default-led 1 0 0 0.01
g 2736 2096 2752 2096 0 0
g 2736 2016 2752 2016 0 0
g 2736 1920 2752 1920 0 0
g 2736 1824 2752 1824 0 0
