$ 0 1 0.12316236423470497 1 5 43
L 656 784 560 784 0 0 false 5 0
L 656 816 560 816 0 1 false 5 0
L 656 880 560 880 0 0 false 5 0
L 656 944 560 944 0 0 false 5 0
L 656 976 560 976 0 0 false 5 0
L 656 1008 560 1008 0 0 false 5 0
L 656 1040 560 1040 0 0 false 5 0
L 656 1104 560 1104 0 0 false 5 0
L 656 1264 560 1264 0 0 false 5 0
L 656 1232 560 1232 0 0 false 5 0
L 656 1200 560 1200 0 0 false 5 0
L 656 1168 560 1168 0 0 false 5 0
164 1712 848 1792 848 1024 8 0 0 0 0 0 0 0 0 false 0
x 334 707 423 710 4 24 next\sline
x 302 644 442 647 4 24 counter\sreset
b 528 752 682 1296 0
x 394 789 504 792 4 24 Instruction
x 367 999 500 1002 4 24 4\sbit\snumber
x 394 818 504 821 4 24 Instruction
x 356 882 513 885 4 24 ram\sor\snumber
x 369 1108 526 1111 4 24 ram\sor\snumber
x 368 1222 501 1225 4 24 4\sbit\snumber
x 366 589 548 592 4 24 high\s\q\swrite\scode
w 1184 624 1312 624 0
w 1104 688 1104 624 0
w 1104 688 1216 688 0
413 1216 688 1296 688 1024 8 8 0 11 2 34 2 18 -1 -2
w 1216 752 1056 752 0
w 1216 720 1056 720 0
180 992 752 1056 752 0 0.1 10000000000
180 992 704 1056 704 0 0.1 10000000000
180 992 800 1056 800 0 0.1 10000000000
w 1056 704 1056 720 0
180 992 944 1056 944 0 0.1 10000000000
180 992 848 1056 848 0 0.1 10000000000
180 992 896 1056 896 0 0.1 10000000000
180 992 992 1056 992 0 0.1 10000000000
180 992 1040 1056 1040 0 0.1 10000000000
w 1056 1040 1216 944 0
w 1056 992 1216 912 0
w 1056 944 1216 880 0
w 1056 896 1216 848 0
w 1056 848 1216 816 0
w 1056 800 1216 784 0
w 1056 1040 1040 1072 0
w 1040 1072 960 1072 0
w 1056 992 1056 1008 0
w 1056 1008 960 1024 0
w 1056 944 1056 960 0
w 1056 960 960 976 0
w 1056 896 1056 912 0
w 1056 912 960 928 0
w 1056 848 1056 864 0
w 1056 864 960 880 0
w 1056 800 1056 816 0
w 1056 816 960 832 0
w 1056 752 1056 768 0
w 1056 768 960 784 0
w 1056 720 960 736 0
w 1024 1056 1104 624 0
w 1104 624 1024 1008 0
I 1104 624 1184 624 0 0.5 5
w 1024 960 1104 624 0
w 1104 624 1024 912 0
w 1024 864 1104 624 0
w 1024 816 1104 624 0
w 1104 624 1024 768 0
w 1024 720 1104 624 0
I 976 1152 1056 1152 0 0.5 5
w 928 1312 832 1328 0
w 928 1296 928 1312 0
w 928 1360 832 1376 0
w 928 1344 928 1360 0
w 928 1408 832 1424 0
w 928 1392 928 1408 0
w 912 1472 832 1472 0
w 928 1440 912 1472 0
180 864 1440 928 1440 0 0.1 10000000000
180 864 1392 928 1392 0 0.1 10000000000
180 864 1296 928 1296 0 0.1 10000000000
180 864 1344 928 1344 0 0.1 10000000000
413 1088 1216 1168 1216 1024 8 4 0 2 0 0 0 0 -1 -2
w 976 1216 1088 1216 0
w 976 1216 976 1152 0
w 1056 1152 1184 1152 0
w 1184 1152 1184 1216 0
w 896 1312 976 1152 0
w 976 1152 896 1360 0
w 896 1408 976 1152 0
w 976 1152 896 1456 0
w 928 1440 1088 1472 0
w 928 1392 1088 1440 0
w 928 1344 1088 1408 0
w 1088 1376 928 1296 0
x 540 947 546 950 4 12 1
x 541 979 547 982 4 12 2
x 542 1011 548 1014 4 12 4
x 544 1042 550 1045 4 12 8
x 542 1265 548 1268 4 12 8
x 539 1237 545 1240 4 12 4
x 539 1203 545 1206 4 12 2
x 542 1172 548 1175 4 12 1
w 976 1216 896 1168 0
w 896 1168 896 624 0
w 896 624 976 624 0
w 736 1168 864 1440 0
w 736 1200 864 1392 0
w 736 1232 864 1344 0
w 736 1264 864 1296 0
w 736 784 992 1040 0
w 992 992 736 816 0
w 736 880 992 944 0
w 736 944 992 896 0
w 736 976 992 848 0
w 736 1008 992 800 0
w 736 1040 992 752 0
w 736 1104 992 704 0
w 1712 1072 1312 944 0
w 1312 912 1712 1040 0
w 1712 1008 1312 880 0
w 1312 848 1712 976 0
w 1184 1408 1712 1008 0
w 1712 976 1184 1376 0
w 1104 688 976 624 0
w 976 624 976 560 0
w 976 560 768 560 0
x 375 550 544 553 4 24 execute\sor\swrite
w 1312 688 1312 624 0
194 1088 528 1248 528 0 false 2
w 1184 1440 1712 1040 0
w 1712 1072 1184 1472 0
w 1184 528 1872 528 0
w 1872 528 1872 1008 0
152 1920 1072 1808 1072 0 2 0 5
w 1872 1008 1920 1008 0
w 1920 1008 1920 1056 0
I 976 560 1088 528 0 0.5 5
w 1808 944 1904 944 0
w 1968 496 1904 496 0
w 1904 496 688 496 0
w 688 496 688 704 0
w 960 1072 960 1088 0
w 960 1088 1312 1088 0
w 960 1024 944 1024 0
w 944 1024 944 1104 0
w 944 1104 1296 1104 0
w 960 976 928 976 0
w 928 976 928 1120 0
w 928 1120 1280 1120 0
w 960 928 912 928 0
w 912 928 912 1136 0
w 912 1136 1264 1136 0
w 832 1472 832 1520 0
w 832 1424 816 1424 0
w 816 1424 816 1536 0
w 832 1376 800 1376 0
w 800 1376 800 1552 0
w 832 1328 784 1328 0
w 784 1328 784 1568 0
w 608 704 688 704 0
w 656 784 736 784 0
w 656 816 736 816 0
w 736 880 656 880 0
w 656 944 736 944 0
w 736 976 656 976 0
w 656 1008 736 1008 0
w 736 1040 656 1040 0
w 656 1104 736 1104 0
w 736 1168 656 1168 0
w 656 1200 736 1200 0
w 736 1232 656 1232 0
w 656 1264 736 1264 0
w 960 880 768 1328 0
w 960 832 752 1328 0
w 960 784 736 1328 0
w 960 736 720 1312 0
w 768 1328 768 1584 0
w 752 1328 752 1600 0
w 736 1328 736 1616 0
w 720 1312 720 1632 0
w 1312 1088 1312 1520 0
w 1296 1104 1296 1584 0
w 1296 1584 1312 1584 0
w 1280 1120 1280 1648 0
w 1280 1648 1312 1648 0
w 1264 1136 1264 1712 0
w 1264 1712 1312 1712 0
w 768 1584 768 1744 0
w 768 1744 1264 1760 0
w 1264 1760 1312 1760 0
w 752 1600 752 1776 0
w 752 1776 1392 1824 0
w 736 1616 736 1808 0
w 736 1808 1392 1888 0
w 720 1632 720 1840 0
w 720 1840 1264 1904 0
w 1264 1904 1312 1904 0
w 832 1520 832 1920 0
w 832 1920 1264 1952 0
w 1264 1952 1312 1952 0
w 816 1536 816 1952 0
w 816 1952 1264 2000 0
w 1264 2000 1312 2000 0
w 800 1552 800 1984 0
w 800 1984 1264 2048 0
w 1264 2048 1312 2048 0
w 784 1568 784 2016 0
w 784 2016 1264 2096 0
w 1264 2096 1312 2096 0
s 480 704 608 704 0 1 true
R 480 704 464 704 0 0 40 5 0 0 0.5
x 2333 1358 2559 1361 4 30 user\sstorage\sram
w 2304 1232 2304 1296 0
w 2096 1232 2096 1296 0
I 2096 1232 2176 1232 0 0.5 5
413 2208 1424 2288 1424 1024 4 4 0 0 2 4 1 8 -1 7 10 4 -1 12 4 6 4 4 -1 -2
w 2096 1296 2208 1296 0
w 2176 1232 2304 1232 0
w 1312 1520 1552 1520 0
w 1312 1584 1552 1584 0
w 1728 1584 1824 1536 0
w 1824 1536 1872 1536 0
w 1984 1296 2096 1296 0
x 2135 1270 2240 1273 4 15 low\smeans\sread
x 223 770 327 773 4 24 00\s\q\swrite
x 223 799 325 802 4 24 01\s\q\sread
x 398 909 480 912 4 24 1\s\q\sram
x 396 1136 478 1139 4 24 1\s\q\sram
w 1600 1712 1664 1696 0
w 1600 1760 1664 1760 0
180 2144 1552 2208 1552 0 0.1 10000000000
180 2144 1520 2208 1520 0 0.1 10000000000
180 2144 1456 2208 1456 0 0.1 10000000000
180 2144 1488 2208 1488 0 0.1 10000000000
w 2176 1568 2096 1232 0
w 2176 1536 2096 1232 0
w 2176 1504 2096 1232 0
w 2176 1472 2096 1232 0
w 1728 1744 2576 1632 0
w 2512 1552 2576 1552 0
w 2576 1552 2576 1632 0
w 1728 1808 2592 1648 0
w 2592 1648 2592 1488 0
w 2528 1488 2592 1488 0
w 2544 1424 2624 1424 0
w 2624 1424 2624 1664 0
w 2624 1664 1728 1872 0
150 2016 1392 2096 1392 0 2 0 5
150 2016 1520 2096 1520 0 2 5 5
150 2016 1456 2096 1456 0 2 0 5
150 2016 1584 2096 1584 0 2 0 5
w 2096 1584 2144 1552 0
w 2096 1520 2144 1520 0
w 2144 1488 2096 1456 0
w 2144 1456 2096 1392 0
w 2096 1568 2352 2064 0
w 2096 1536 2352 1984 0
w 2096 1504 2352 1904 0
w 2096 1472 2352 1840 0
w 1984 1296 1984 1376 0
w 1984 1376 2016 1376 0
w 1984 1376 1984 1440 0
w 1984 1440 2016 1440 0
w 1984 1440 1984 1504 0
w 1984 1504 2016 1504 0
w 1984 1504 1984 1568 0
w 1984 1568 2016 1568 0
w 1728 1712 2304 1616 0
w 2304 1552 2304 1616 0
w 2304 1520 2512 1552 0
w 2528 1488 2304 1488 0
w 2304 1456 2544 1424 0
w 2096 1568 2208 1568 0
w 2208 1568 2208 1552 0
w 2208 1520 2208 1536 0
w 2208 1536 2096 1536 0
w 2096 1504 2208 1504 0
w 2208 1504 2208 1488 0
w 2208 1456 2208 1472 0
w 2208 1472 2096 1472 0
w 2352 1840 2416 2064 0
w 2352 1904 2416 1984 0
w 2352 1984 2416 1904 0
w 2352 2064 2416 1840 0
x 142 957 336 960 4 24 when\sreading:\sslot
x 148 985 332 988 4 24 when\swriting:\sslot
x 127 1218 331 1221 4 24 when\swriting:\svalue
x 118 1184 340 1187 4 24 when\sreading:\sempty
414 2304 2256 2448 2256 0 1.5 0 1 10000000
414 2304 2416 2448 2416 0 1.5 0 1 10000000
414 2304 2576 2448 2576 0 1.5 0 1 10000000
414 2304 2736 2448 2736 0 1.5 0 1 10000000
R 2304 2416 2288 2416 0 0 40 5 0 0 0.5
R 2304 2576 2288 2576 0 0 40 5 0 0 0.5
R 2304 2736 2288 2736 0 0 40 5 0 0 0.5
g 2400 2448 2416 2448 0 0
g 2400 2768 2416 2768 0 0
g 2400 2288 2416 2288 0 0
g 2400 2608 2416 2608 0 0
R 2304 2256 2288 2256 0 0 40 5 0 0 0.5
w 1968 960 2704 960 0
w 2704 960 2704 1696 0
s 2704 1696 2816 1696 0 1 true
R 2816 1696 2864 1696 0 0 40 5 0 0 0.5
g 1488 1888 1504 1888 0 0
g 1488 1696 1504 1696 0 0
g 1488 1760 1504 1760 0 0
g 1488 1824 1504 1824 0 0
414 1392 1856 1536 1856 0 1 0 1 10000000
414 1392 1792 1536 1792 0 1 0 1 10000000
414 1392 1728 1536 1728 0 1 0 1 10000000
414 1392 1664 1536 1664 0 1 0 1 10000000
R 1392 1856 1376 1856 0 0 40 5 0 0 0.5
R 1392 1792 1376 1792 0 0 40 5 0 0 0.5
R 1392 1728 1376 1728 0 0 40 5 0 0 0.5
R 1392 1664 1376 1664 0 0 40 5 0 0 0.5
w 1312 1760 1392 1760 0
w 1312 1712 1392 1696 0
w 1488 1664 1568 1712 0
w 1488 1728 1568 1760 0
w 1488 1792 1568 1808 0
w 1488 1856 1568 1856 0
r 1568 1856 1568 1872 0 1000
g 1568 1872 1568 1888 0 0
r 1568 1808 1568 1824 0 1000
g 1568 1824 1568 1840 0 0
r 1568 1760 1568 1776 0 1000
g 1568 1776 1568 1792 0 0
r 1568 1712 1568 1728 0 1000
g 1568 1728 1568 1744 0 0
w 1568 1712 1600 1712 0
w 1568 1760 1600 1760 0
w 1568 1808 1664 1824 0
w 1568 1856 1664 1856 0
w 2000 1152 2784 1152 0
w 2784 1152 2784 1600 0
s 2784 1600 2880 1600 0 1 true
R 2880 1600 2944 1600 0 0 40 5 0 0 0.5
x 2978 1607 3031 1610 4 24 reset
x 2904 1701 2993 1704 4 24 next\sline
w 2000 1104 2000 1152 0
w 2304 1232 2640 1232 0
w 2640 1232 2640 1744 0
w 2640 1744 2416 1744 0
w 2416 1744 2416 1808 0
150 2464 1824 2608 1824 0 2 0 5
150 2464 1920 2608 1920 0 2 0 5
150 2464 2016 2608 2016 0 2 0 5
150 2464 2096 2608 2096 0 2 0 5
w 2416 1808 2432 1808 0
w 2432 1808 2432 1936 0
w 2432 1936 2464 1936 0
w 2432 1936 2432 2032 0
w 2432 2032 2464 2032 0
w 2432 2032 2432 2112 0
w 2432 2112 2464 2112 0
w 2416 2064 2464 2080 0
w 2432 1808 2464 1808 0
w 2464 1840 2416 1840 0
w 2416 1904 2464 1904 0
w 2464 2000 2416 1984 0
162 2752 1824 2880 1824 2 default-led 1 0 0 0.01
162 2752 1920 2880 1920 2 default-led 1 0 0 0.01
162 2752 2016 2880 2016 2 default-led 1 0 0 0.01
162 2752 2096 2880 2096 2 default-led 1 0 0 0.01
g 2880 2096 2896 2096 0 0
g 2880 2016 2896 2016 0 0
g 2880 1920 2896 1920 0 0
g 2880 1824 2896 1824 0 0
w 1600 2384 1728 2384 0
150 1264 2512 1344 2512 0 2 0 5
150 1264 2576 1344 2576 0 2 0 5
150 1264 2640 1344 2640 0 2 0 5
154 1264 2384 1344 2384 0 2 0 5
154 1264 2448 1344 2448 0 2 0 5
154 1264 2320 1344 2320 0 2 5 5
154 1264 2256 1344 2256 0 2 5 5
w 1168 2304 1264 2240 0
w 1168 2512 1264 2272 0
w 1168 2352 1264 2304 0
w 1168 2560 1264 2336 0
w 1168 2400 1264 2368 0
w 1168 2608 1264 2400 0
w 1168 2448 1264 2432 0
w 1168 2656 1264 2464 0
w 1168 2304 1264 2496 0
w 1168 2512 1264 2528 0
w 1168 2560 1264 2592 0
w 1168 2608 1264 2656 0
154 1408 2448 1488 2448 0 2 0 5
154 1408 2384 1488 2384 0 2 0 5
150 1408 2576 1488 2576 0 2 0 5
150 1408 2512 1488 2512 0 2 0 5
w 1344 2256 1728 2224 0
154 1408 2320 1488 2320 0 2 5 5
w 1344 2320 1408 2304 0
w 1344 2384 1408 2368 0
w 1344 2448 1408 2432 0
w 1344 2512 1408 2528 0
w 1344 2576 1408 2592 0
w 1344 2320 1408 2496 0
w 1344 2384 1408 2560 0
w 1344 2640 1408 2464 0
w 1344 2576 1408 2400 0
w 1344 2512 1408 2336 0
150 1520 2512 1600 2512 0 2 0 5
154 1520 2384 1600 2384 0 2 0 5
154 1520 2448 1600 2448 0 2 0 5
w 1488 2320 1728 2304 0
w 1488 2384 1520 2368 0
w 1488 2448 1520 2432 0
w 1488 2512 1520 2528 0
w 1488 2384 1520 2496 0
w 1488 2512 1520 2400 0
w 1488 2576 1520 2464 0
154 1648 2480 1728 2480 0 2 0 5
w 1600 2448 1648 2464 0
w 1600 2512 1648 2496 0
w 1168 2352 1264 2560 0
w 1168 2400 1264 2624 0
w 1616 1520 1728 1520 0
w 1616 1584 1728 1584 0
w 1984 1248 1984 1296 0
w 1872 1536 1904 1344 0
w 1872 1344 1728 1520 0
w 1552 1520 1616 1520 0
w 1552 1584 1616 1584 0
w 1904 1344 1904 1328 0
w 1872 1344 1872 1328 0
154 1888 1328 1888 1248 0 2 0 5
I 1888 1248 1984 1248 0 0.5 5
w 832 2496 1168 2512 0
w 832 2544 1168 2560 0
w 832 2592 1168 2608 0
w 832 2640 1168 2656 0
w 1264 1712 896 1712 0
w 896 1712 896 2304 0
w 736 2448 1168 2448 0
w 1312 1952 1856 1904 0
w 1856 1968 2032 1968 0
w 1856 2032 2032 2032 0
w 1856 2096 2032 2096 0
w 1728 1520 1840 1584 0
150 1824 1600 1824 1664 0 2 0 5
w 1728 1712 1728 1680 0
w 1808 1584 1568 1616 0
w 1568 1616 1568 1664 0
w 1568 1664 1536 1728 0
w 1536 1728 1536 1792 0
w 1536 1792 1536 1888 0
w 2080 2288 2080 2320 0
w 2080 2288 2080 2256 0
I 2080 2256 2128 2256 0 0.5 5
w 2080 2320 2128 2320 0
150 2128 2240 2208 2240 0 2 0 5
150 2128 2336 2208 2336 0 2 0 5
152 2224 2288 2304 2288 0 2 0 5
w 2208 2240 2224 2272 0
w 2224 2304 2208 2336 0
w 2224 2464 2208 2496 0
w 2208 2400 2224 2432 0
152 2224 2448 2304 2448 0 2 5 5
150 2128 2496 2208 2496 0 2 0 5
150 2128 2400 2208 2400 0 2 5 5
w 2080 2480 2128 2480 0
I 2080 2416 2128 2416 0 0.5 5
w 2080 2448 2080 2416 0
w 2080 2448 2080 2480 0
w 1984 2448 2080 2448 0
w 1984 2608 2080 2608 0
w 2080 2608 2080 2640 0
w 2080 2608 2080 2576 0
I 2080 2576 2128 2576 0 0.5 5
w 2080 2640 2128 2640 0
150 2128 2560 2208 2560 0 2 0 5
150 2128 2656 2208 2656 0 2 0 5
152 2224 2608 2304 2608 0 2 0 5
w 2208 2560 2224 2592 0
w 2224 2624 2208 2656 0
w 1984 2768 2080 2768 0
w 2080 2768 2080 2800 0
w 2080 2768 2080 2736 0
I 2080 2736 2128 2736 0 0.5 5
w 2080 2800 2128 2800 0
150 2128 2720 2208 2720 0 2 0 5
150 2128 2816 2208 2816 0 2 0 5
152 2224 2768 2304 2768 0 2 0 5
w 2208 2720 2224 2752 0
w 2224 2784 2208 2816 0
w 2080 2288 1984 2288 0
w 1920 2288 1984 2288 0
w 1920 2288 1920 2448 0
w 1920 2448 1984 2448 0
w 1920 2448 1920 2608 0
w 1920 2608 1984 2608 0
w 1920 2608 1920 2768 0
w 1920 2768 1984 2768 0
w 2032 1904 2128 2224 0
w 2400 2736 2496 2256 0
w 2400 2576 2496 2320 0
w 2400 2416 2496 2384 0
w 2400 2256 2496 2448 0
r 2496 2448 2496 2496 0 1000
g 2496 2496 2496 2528 0 0
r 2496 2384 2512 2416 0 1000
r 2496 2320 2512 2288 0 1000
r 2496 2256 2496 2224 0 1000
w 2496 2448 2576 2448 0
w 2496 2384 2576 2384 0
w 2496 2320 2576 2320 0
w 2496 2256 2576 2256 0
w 2576 2256 2672 2256 0
w 2576 2448 2624 2448 0
w 2016 1600 1808 2896 0
w 2016 1536 1776 2896 0
w 2016 1472 1744 2896 0
w 2016 1408 1712 2896 0
w 2624 2448 2624 2896 0
w 2624 2896 1808 2896 0
w 2576 2384 2640 2384 0
w 2640 2384 2640 2912 0
w 2640 2912 1776 2912 0
w 1776 2896 1776 2912 0
w 2576 2320 2656 2320 0
w 2656 2320 2656 2928 0
w 2656 2928 1744 2928 0
w 1744 2896 1744 2928 0
w 2672 2256 2672 2944 0
w 2672 2944 1712 2944 0
w 1712 2896 1712 2944 0
w 2032 1968 2128 2384 0
w 2032 2032 2128 2544 0
w 2032 2096 2128 2704 0
w 1728 2224 2128 2352 0
w 1728 2304 2128 2512 0
w 1728 2384 2128 2672 0
w 1728 2480 2128 2832 0
x 227 824 319 827 4 24 11\s\q\sadd
x 60 821 216 824 4 20 stores\sin\sram\s0\s->
150 1664 1680 1728 1680 0 2 5 5
150 1664 1744 1728 1744 0 2 0 5
150 1664 1872 1728 1872 0 2 0 5
150 1664 1808 1728 1808 0 2 0 5
w 1536 1888 1600 1888 0
w 1536 1792 1600 1792 0
w 1536 1728 1616 1728 0
w 1568 1664 1616 1664 0
I 1616 1664 1664 1664 0 0.5 5
I 1616 1728 1664 1728 0 0.5 5
I 1600 1792 1664 1792 0 0.5 5
I 1600 1888 1664 1888 0 0.5 5
x 150 1018 326 1021 4 24 when\sadding:\sn1
x 143 1250 319 1253 4 24 when\sadding:\sn2
L 768 560 592 560 0 0 false 5 0
R 480 640 464 640 0 0 40 5 0 0 0.5
s 480 640 608 640 0 1 true
w 608 640 640 640 0
w 640 640 640 464 0
w 640 464 2000 464 0
w 2000 464 2000 1072 0
x 1273 2735 1334 2738 4 24 adder
x 2778 2151 2850 2154 4 24 Output
x 988 1520 1249 1523 4 24 4\sbit\sn2\sprogram\sstorage
x 1166 999 1394 1002 4 24 8\sbit\sprogram\sstorage
w 1808 944 1808 848 0
w 1712 944 1184 1344 0
w 1184 1312 1712 912 0
w 1712 880 1184 1280 0
w 1184 1248 1712 848 0
w 1712 944 1312 816 0
w 1312 784 1712 912 0
w 1712 880 1312 752 0
w 1712 848 1312 720 0
x 1667 1144 1881 1147 4 24 8\sbit\ssystem\scounter
x 2331 2842 2565 2845 4 24 switch\sfor\sadder\sresult
w 2304 1424 2304 1296 0
w 2208 1296 2208 1424 0
w 768 560 848 432 0
w 848 432 2032 432 0
w 2608 928 2608 1712 0
I 2608 1712 2608 1776 0 0.5 5
150 2608 1792 2720 1792 0 2 0 5
150 2608 1872 2720 1872 0 2 0 5
150 2608 2048 2720 2048 0 2 0 5
150 2608 1968 2720 1968 0 2 0 5
w 2608 1824 2608 1808 0
w 2608 1920 2608 1888 0
w 2608 2016 2608 1984 0
w 2608 2096 2608 2064 0
w 2608 1776 2576 1776 0
w 2576 1776 2576 1856 0
w 2576 1856 2608 1856 0
w 2576 1856 2576 1952 0
w 2576 1952 2608 1952 0
w 2576 1952 2576 2032 0
w 2576 2032 2608 2032 0
w 2752 2096 2720 2048 0
w 2752 2016 2720 1968 0
w 2720 1872 2752 1920 0
w 2720 1792 2752 1824 0
g 2496 2224 2496 2208 0 0
g 2512 2288 2544 2288 0 0
g 2512 2416 2544 2416 0 0
w 784 2016 784 2640 0
w 784 2640 832 2640 0
w 800 1984 800 2592 0
w 800 2592 832 2592 0
w 816 1952 816 2544 0
w 816 2544 832 2544 0
w 832 1920 832 2496 0
w 736 1808 736 2448 0
w 752 1776 752 2400 0
w 768 1744 768 2352 0
w 752 2400 1168 2400 0
w 1168 2352 768 2352 0
x 246 883 323 886 4 20 not\sdone
x 236 1112 313 1115 4 20 not\sdone
b 39 732 360 1304 0
152 2000 1088 1920 1088 0 2 0 5
152 1968 944 1904 944 0 2 0 5
w 1968 928 1968 496 0
w 1840 1584 1840 1600 0
w 1808 1584 1808 1600 0
w 1920 2288 1824 1664 0
w 1856 1968 1312 2000 0
w 1312 2048 1856 2032 0
w 1856 2096 1312 2096 0
w 1856 1904 2032 1904 0
w 1168 2304 896 2304 0
w 2032 432 2032 928 0
w 2032 928 2608 928 0
x 2941 1830 2954 1833 4 24 1
x 2941 1927 2954 1930 4 24 2
x 2939 2107 2952 2110 4 24 8
x 2939 2010 2952 2013 4 24 4
