$ 1 0.000005 0.12840254166877416 50 5 50
w 1104 688 976 624 0
w 1104 624 1024 768 0
w 1024 816 1104 624 0
w 1024 864 1104 624 0
w 1104 624 1024 912 0
w 1024 960 1104 624 0
I 1104 624 1184 624 0 0.5 5
w 1104 624 1024 1008 0
w 1024 1056 1104 624 0
w 1056 768 960 784 0
w 1056 752 1056 768 0
w 1056 816 960 832 0
w 1056 800 1056 816 0
w 1056 864 960 880 0
w 1056 848 1056 864 0
w 1056 912 960 928 0
w 1056 896 1056 912 0
w 1056 960 960 976 0
w 1056 944 1056 960 0
w 1056 1008 960 1024 0
w 1056 992 1056 1008 0
w 1056 1040 1056 1056 0
180 992 1040 1056 1040 0 0.1 10000000000
180 992 992 1056 992 0 0.1 10000000000
180 992 896 1056 896 0 0.1 10000000000
180 992 848 1056 848 0 0.1 10000000000
180 992 944 1056 944 0 0.1 10000000000
180 992 800 1056 800 0 0.1 10000000000
180 992 752 1056 752 0 0.1 10000000000
413 1216 688 1296 688 1024 8 8 0 40 12 34 2 18 -1 -2
w 1104 688 1216 688 0
w 1104 688 1104 624 0
w 1184 624 1312 624 0
w 1312 624 1312 688 0
w 1056 1056 960 1072 0
L 976 624 752 624 0 1 false 5 0
w 992 1040 912 1040 0
w 992 992 912 992 0
w 992 944 912 944 0
w 992 896 912 896 0
w 992 848 912 848 0
w 992 800 912 800 0
w 992 752 912 752 0
L 816 704 752 704 0 0 false 5 0
L 816 752 752 752 0 0 false 5 0
L 816 800 752 800 0 1 false 5 0
L 816 848 752 848 0 1 false 5 0
L 816 896 752 896 0 0 false 5 0
L 816 944 752 944 0 0 false 5 0
L 816 992 752 992 0 0 false 5 0
164 1312 720 1344 720 1024 8 0 0 0 0 0 0 0 0 false 0
w 1408 720 1408 592 0
w 1408 592 976 592 0
x 692 596 737 599 4 24 step
x 610 629 733 632 4 24 high\s\q\swrite
w 1408 944 1424 944 0
w 1424 944 1424 560 0
w 1424 560 976 560 0
x 635 565 732 568 4 24 line\sreset
b 720 688 779 819 0
b 720 832 779 1016 0
x 568 712 697 715 4 24 instruction\s1
x 567 758 696 761 4 24 instruction\s2
x 567 806 696 809 4 24 instruction\s3
x 619 953 696 956 4 24 value\s3
x 619 903 696 906 4 24 value\s2
x 619 855 696 858 4 24 value\s1
x 618 999 695 1002 4 24 value\s4
413 1680 1152 1712 1152 1024 2 4 0 5 -1 -2
g 1776 1248 1792 1248 0 0
g 1776 1280 1792 1280 0 0
w 1776 1152 1776 1104 0
w 1776 1104 1728 1104 0
I 1680 1104 1728 1104 0 0.5 5
w 1680 1152 1680 1104 0
w 768 1136 768 1168 0
w 736 1136 736 1168 0
w 704 1136 704 1168 0
w 736 1168 736 1200 0
w 736 1200 768 1200 0
w 704 1168 704 1232 0
w 704 1232 768 1232 0
w 768 1168 944 1168 0
w 768 1200 944 1200 0
w 768 1232 944 1232 0
I 944 1168 992 1168 0 0.5 5
I 944 1200 992 1200 0 0.5 5
I 944 1232 992 1232 0 0.5 5
150 1024 1184 1088 1184 0 3 0 5
w 992 1168 1024 1168 0
w 992 1200 1024 1184 0
w 992 1232 1024 1200 0
w 1088 1184 1088 1072 0
w 1584 1072 1680 1104 0
w 816 704 912 752 0
w 816 752 912 800 0
w 816 800 912 848 0
w 816 848 912 896 0
w 912 944 816 896 0
w 816 944 912 992 0
w 816 992 912 1040 0
w 1216 944 1056 752 0
w 1056 800 1216 912 0
w 1216 880 1056 848 0
w 1056 896 1216 848 0
w 1216 816 1056 944 0
w 1056 992 1216 784 0
w 1216 752 1056 1040 0
w 960 784 704 1136 0
w 960 832 736 1136 0
w 960 880 768 1136 0
w 960 928 800 1136 0
w 960 976 832 1136 0
w 960 1024 864 1136 0
w 960 1072 896 1136 0
w 1264 1408 1264 1424 0
w 1264 1360 1264 1376 0
152 1264 1392 1344 1392 0 2 0 5
150 1184 1424 1264 1424 0 2 0 5
150 1184 1360 1264 1360 0 2 0 5
w 1136 1392 1136 1376 0
w 1136 1392 1136 1408 0
180 1568 1184 1632 1184 0 0.1 10000000000
w 1632 1184 1680 1280 0
w 1680 1248 1632 1216 0
w 1680 1216 1632 1248 0
w 1680 1184 1632 1280 0
180 1568 1216 1632 1216 0 0.1 10000000000
180 1568 1280 1632 1280 0 0.1 10000000000
180 1568 1248 1632 1248 0 0.1 10000000000
w 1600 1232 1680 1152 0
w 1600 1200 1680 1152 0
w 1680 1152 1600 1264 0
w 1680 1152 1600 1296 0
w 1632 1248 1632 1264 0
w 1632 1264 1552 1264 0
w 1632 1216 1632 1232 0
w 1632 1232 1552 1232 0
w 1632 1184 1632 1200 0
w 1632 1200 1552 1200 0
w 1632 1280 1632 1296 0
w 1632 1296 1552 1296 0
I 1136 1408 1184 1408 0 0.5 5
w 1136 1376 1184 1376 0
w 1088 1184 1088 1392 0
w 800 1136 800 1344 0
w 800 1344 1184 1344 0
w 832 1472 1184 1472 0
w 1136 1504 1184 1504 0
I 1136 1536 1184 1536 0 0.5 5
w 1136 1520 1136 1536 0
w 1136 1520 1136 1504 0
150 1184 1488 1264 1488 0 2 0 5
150 1184 1552 1264 1552 0 2 0 5
152 1264 1520 1344 1520 0 2 0 5
w 1264 1488 1264 1504 0
w 1264 1536 1264 1552 0
w 1264 1792 1264 1808 0
w 1264 1744 1264 1760 0
152 1264 1776 1344 1776 0 2 0 5
150 1184 1808 1264 1808 0 2 0 5
150 1184 1744 1264 1744 0 2 0 5
w 1136 1776 1136 1760 0
w 1136 1776 1136 1792 0
I 1136 1792 1184 1792 0 0.5 5
w 1136 1760 1184 1760 0
w 896 1728 1184 1728 0
w 864 1600 1184 1600 0
w 1136 1632 1184 1632 0
I 1136 1664 1184 1664 0 0.5 5
w 1136 1648 1136 1664 0
w 1136 1648 1136 1632 0
150 1184 1616 1264 1616 0 2 0 5
150 1184 1680 1264 1680 0 2 0 5
152 1264 1648 1344 1648 0 2 0 5
w 1264 1616 1264 1632 0
w 1264 1664 1264 1680 0
w 1088 1072 1584 1072 0
w 1088 1392 1136 1392 0
w 1088 1392 1088 1520 0
w 1088 1520 1136 1520 0
w 1088 1520 1088 1648 0
w 1088 1648 1136 1648 0
w 1088 1648 1088 1776 0
w 1088 1776 1136 1776 0
w 832 1136 832 1472 0
w 864 1136 864 1600 0
w 896 1136 896 1728 0
w 1344 1392 1344 1184 0
w 1344 1520 1360 1520 0
w 1360 1520 1360 1216 0
w 1344 1184 1568 1184 0
w 1344 1648 1376 1648 0
w 1360 1216 1568 1216 0
w 1376 1648 1376 1248 0
w 1376 1248 1568 1248 0
w 1344 1776 1392 1776 0
w 1392 1776 1392 1280 0
w 1392 1280 1568 1280 0
w 768 1168 688 1408 0
w 736 1168 656 1408 0
w 704 1168 624 1408 0
162 1712 1440 1808 1440 2 default-led 1 0 0 0.01
162 1712 1488 1808 1488 2 default-led 1 0 0 0.01
162 1712 1536 1808 1536 2 default-led 1 0 0 0.01
162 1712 1584 1808 1584 2 default-led 1 0 0 0.01
g 1808 1584 1824 1584 0 0
g 1808 1488 1824 1488 0 0
g 1808 1440 1824 1440 0 0
g 1808 1536 1824 1536 0 0
150 1600 1424 1680 1424 0 2 0 5
150 1600 1488 1680 1488 0 2 0 5
150 1600 1552 1680 1552 0 2 0 5
150 1600 1616 1680 1616 0 2 0 5
w 1680 1424 1712 1440 0
w 1680 1488 1712 1488 0
w 1712 1536 1680 1552 0
w 1712 1584 1680 1616 0
I 624 1408 624 1456 0 0.5 5
I 656 1408 656 1456 0 0.5 5
w 688 1408 688 1456 0
150 656 1488 656 1584 0 3 0 5
w 624 1456 640 1488 0
w 656 1488 656 1456 0
w 688 1456 672 1488 0
w 1600 1408 1472 1408 0
w 1472 1600 1472 1856 0
w 656 1584 656 1856 0
w 656 1856 1472 1856 0
w 1472 1600 1472 1536 0
w 1472 1536 1472 1472 0
w 1472 1472 1472 1408 0
w 1472 1472 1600 1472 0
w 1600 1536 1472 1536 0
w 1472 1600 1600 1600 0
w 1552 1200 1504 1200 0
w 1552 1232 1520 1232 0
w 1552 1264 1536 1264 0
w 1552 1296 1552 1632 0
w 1552 1632 1600 1632 0
w 1600 1568 1536 1568 0
w 1600 1504 1520 1504 0
w 1600 1440 1504 1440 0
w 1536 1568 1536 1264 0
w 1520 1504 1520 1232 0
w 1504 1200 1504 1440 0
s 768 560 848 560 0 1 true
R 768 560 752 560 0 0 40 5 0 0 0.5
R 768 592 752 592 0 0 40 5 0 0 0.5
s 768 592 832 592 0 1 true
w 832 592 976 592 0
w 976 560 848 560 0
