$ 16 0.0000049999999999999996 0.14549914146182014 30 5 43
L 304 128 144 128 0 0 false 5 0
L 304 160 144 160 0 0 false 5 0
L 304 192 144 192 0 0 false 5 0
L 304 224 144 224 0 0 false 5 0
w 560 112 560 48 0
w 560 112 672 112 0
413 672 112 752 112 1024 8 8 0 0 -1 -2
I 560 48 640 48 0 0.5 5
w 640 48 768 48 0
w 768 48 768 112 0
180 464 256 528 256 0 0.1 10000000000
w 528 256 512 288 0
w 512 288 432 272 0
180 464 112 528 112 0 0.1 10000000000
w 528 112 512 144 0
w 512 144 432 128 0
180 464 160 528 160 0 0.1 10000000000
w 528 160 512 192 0
w 512 192 432 176 0
w 512 240 432 224 0
w 528 208 512 240 0
180 464 208 528 208 0 0.1 10000000000
w 560 112 480 64 0
w 496 128 560 48 0
w 560 48 496 176 0
w 496 224 560 48 0
w 560 48 496 272 0
w 464 112 304 128 0
w 304 160 464 160 0
w 464 208 304 192 0
w 304 224 464 256 0
w 480 64 304 64 0
L 304 64 144 64 0 1 false 5 0
w 528 112 672 368 0
w 528 256 672 272 0
w 528 208 672 304 0
w 528 160 672 336 0
x 103 134 116 137 4 24 1
x 100 168 113 171 4 24 2
x 103 233 116 236 4 24 8
x 101 201 114 204 4 24 4
x -99 352 -45 355 4 24 0\s\q\s\p
x -101 388 -53 391 4 24 1\s\q\s-
x -100 427 -53 430 4 24 2\s\q\s.
x 0 65 123 68 4 24 high\s\q\swrite
164 768 144 848 144 1024 8 0 0 0 0 0 0 0 0 false 0
w 864 368 912 368 0
w 912 368 912 16 0
w 912 16 304 16 0
x 22 23 119 26 4 24 line\sreset
w 864 144 864 -16 0
w 864 -16 304 -16 0
x 32 -10 120 -7 4 24 new\sline
s 160 -16 208 -16 0 1 true
R 160 -16 144 -16 0 0 40 5 0 0 0.5
w 208 -16 304 -16 0
w 208 16 304 16 0
R 160 16 144 16 0 0 40 5 0 0 0.5
s 160 16 208 16 0 1 true
x 701 413 850 416 4 24 program\smem
x 6 182 91 185 4 24 address
L 304 432 144 432 0 0 false 5 0
L 304 400 144 400 0 0 false 5 0
L 304 368 144 368 0 0 false 5 0
L 304 336 144 336 0 0 false 5 0
w 304 432 464 464 0
w 464 416 304 400 0
w 304 368 464 368 0
w 464 320 304 336 0
180 464 416 528 416 0 0.1 10000000000
w 512 448 432 432 0
w 512 400 432 384 0
180 464 368 528 368 0 0.1 10000000000
w 512 352 432 336 0
180 464 320 528 320 0 0.1 10000000000
w 512 496 432 480 0
180 464 464 528 464 0 0.1 10000000000
w 512 496 528 464 0
w 512 448 528 416 0
w 512 400 528 368 0
w 512 352 528 320 0
w 528 320 672 240 0
w 528 368 672 208 0
w 672 176 528 416 0
w 528 464 672 144 0
x 12 389 76 392 4 24 action
x 101 410 114 413 4 24 4
x 103 442 116 445 4 24 8
x 100 377 113 380 4 24 2
x 103 343 116 346 4 24 1
413 1104 592 1216 576 1024 4 4 -2
164 1376 336 1456 336 1024 4 0 0 0 0 false 0
x 1080 774 1186 777 4 24 user\smem
w 1200 592 1200 544 0
w 1200 544 1168 544 0
I 1104 544 1168 544 0 0.5 5
w 1104 544 1056 544 0
w 1104 592 1056 592 0
w 1056 592 1056 544 0
180 1040 624 1104 624 0 0.1 10000000000
180 1040 656 1104 656 0 0.1 10000000000
180 1040 720 1104 720 0 0.1 10000000000
180 1040 688 1104 688 0 0.1 10000000000
w 1072 640 1056 544 0
w 1056 544 1072 672 0
w 1072 704 1056 544 0
w 1056 544 1072 736 0
w 432 336 272 496 0
w 432 384 272 544 0
w 432 432 272 592 0
w 432 480 272 640 0
w 272 496 400 608 0
w 272 544 400 656 0
w 272 592 400 704 0
w 272 640 400 752 0
w 400 608 432 576 0
w 400 656 432 608 0
w 400 704 432 640 0
w 400 752 432 672 0
I 432 576 480 576 0 0.5 5
I 432 608 480 608 0 0.5 5
I 432 640 480 640 0 0.5 5
I 432 672 480 672 0 0.5 5
150 496 624 592 624 0 4 5 5
w 480 640 496 640 0
w 496 656 480 672 0
w 480 608 496 608 0
w 480 576 496 592 0
193 656 544 704 544 2 5
R 656 544 624 544 0 0 40 5 0 0 0.5
413 816 816 928 800 1024 2 4 0 0 -1 -2
w 912 816 912 784 0
w 912 784 880 784 0
I 816 784 880 784 0 0.5 5
w 816 784 816 816 0
g 912 912 928 912 0 0
g 912 944 928 944 0 0
180 752 944 816 944 0 0.1 10000000000
180 752 912 816 912 0 0.1 10000000000
180 752 848 816 848 0 0.1 10000000000
180 752 880 816 880 0 0.1 10000000000
w 784 864 816 784 0
w 816 784 784 896 0
w 784 928 816 784 0
w 816 784 784 960 0
w 704 736 752 944 0
w 704 704 752 912 0
w 752 880 704 672 0
w 752 848 704 640 0
w 1104 720 1104 736 0
w 1104 688 1104 704 0
w 1104 656 1104 672 0
w 1104 624 1104 640 0
w 1104 640 704 640 0
w 704 672 1104 672 0
w 1104 704 704 704 0
w 704 736 1104 736 0
w 304 64 304 -48 0
w 304 -48 960 -48 0
w 960 -48 928 480 0
I 928 480 976 480 0 0.5 5
150 976 496 1040 496 0 2 0 5
w 1040 496 1056 544 0
193 16 880 64 880 2 0
w 432 272 128 560 0
w 496 336 560 48 0
w 560 48 496 384 0
w 496 432 560 48 0
w 560 48 496 480 0
w 432 224 96 560 0
w 432 176 64 560 0
w 432 128 32 560 0
w 128 560 320 816 0
w 96 560 304 832 0
w 64 560 288 848 0
w 32 560 272 864 0
w 320 816 688 976 0
w 688 976 1200 976 0
w 1200 720 1200 976 0
w 1200 688 1216 688 0
w 1216 688 1216 992 0
w 1200 656 1232 656 0
w 1232 656 1232 1008 0
w 1200 624 1248 624 0
w 1248 624 1248 1024 0
w 1216 992 688 992 0
w 688 1008 1232 1008 0
w 1248 1024 688 1024 0
w 688 992 304 832 0
w 288 848 688 1008 0
w 688 1024 272 864 0
w 816 944 640 1120 0
w 816 912 640 1152 0
w 816 880 640 1184 0
w 816 848 640 1216 0
x 918 1517 979 1520 4 24 adder
w 1088 1344 1136 1296 0
w 1088 1280 1136 1264 0
154 1136 1280 1216 1280 0 2 0 5
w 976 1408 1008 1296 0
w 976 1344 1008 1232 0
w 976 1216 1008 1328 0
w 976 1344 1008 1360 0
w 976 1280 1008 1264 0
w 976 1216 1008 1200 0
w 976 1152 1216 1152 0
154 1008 1280 1088 1280 0 2 0 5
154 1008 1216 1088 1216 0 2 0 5
150 1008 1344 1088 1344 0 2 0 5
w 832 1344 896 1168 0
w 832 1408 896 1232 0
w 832 1472 896 1296 0
w 832 1216 896 1392 0
w 832 1152 896 1328 0
w 832 1408 896 1424 0
w 832 1344 896 1360 0
w 832 1280 896 1264 0
w 832 1216 896 1200 0
w 832 1152 896 1136 0
154 896 1152 976 1152 0 2 0 5
w 832 1088 1216 1088 0
150 896 1344 976 1344 0 2 0 5
150 896 1408 976 1408 0 2 0 5
154 896 1216 976 1216 0 2 0 5
154 896 1280 976 1280 0 2 0 5
154 752 1088 832 1088 0 2 5 5
154 752 1152 832 1152 0 2 0 5
154 752 1280 832 1280 0 2 0 5
154 752 1216 832 1216 0 2 0 5
150 752 1472 832 1472 0 2 0 5
150 752 1408 832 1408 0 2 0 5
150 752 1344 832 1344 0 2 0 5
w 1088 1216 1216 1216 0
R 656 1280 624 1280 0 0 40 5 0 0 0.5
L 656 1312 624 1312 0 0 false 5 0
L 656 1344 624 1344 0 0 false 5 0
L 656 1376 624 1376 0 0 false 5 0
w 640 1120 752 1072 0
w 752 1104 656 1280 0
w 640 1152 752 1136 0
w 752 1168 656 1312 0
w 640 1184 752 1200 0
w 656 1344 752 1232 0
w 640 1216 752 1264 0
w 752 1296 656 1376 0
w 640 1120 752 1328 0
w 640 1152 752 1392 0
w 640 1184 752 1456 0
w 656 1280 752 1360 0
w 656 1312 752 1424 0
w 656 1376 752 1488 0
x 541 1342 575 1345 4 24 \p\s1
x -21 90 126 93 4 24 low\s\q\sexceute
w 976 512 752 608 0
w 672 784 672 832 0
w 672 832 656 832 0
w 656 832 656 768 0
w 656 768 640 768 0
w 640 768 640 848 0
w 640 848 688 848 0
w 688 848 688 816 0
w 688 816 704 816 0
w 704 816 704 864 0
w 704 864 624 864 0
w 624 864 624 768 0
w 624 768 608 768 0
w 608 768 608 880 0
w 608 880 704 880 0
w 704 880 704 896 0
w 704 896 592 896 0
w 592 896 592 768 0
w 592 768 576 768 0
w 576 768 576 896 0
w 576 896 560 896 0
w 560 896 560 768 0
w 560 768 544 768 0
w 544 768 544 896 0
w 544 896 528 896 0
w 528 896 528 736 0
w 672 784 832 752 0
w 832 752 912 752 0
w 912 752 912 784 0
w 1216 1088 1040 768 0
w 1040 720 1040 768 0
w 1040 688 1024 688 0
w 1024 688 1024 784 0
w 1024 784 1216 1152 0
w 1216 1216 1008 800 0
w 1216 1280 992 816 0
w 1008 800 1008 656 0
w 1008 656 1040 656 0
w 1040 624 992 624 0
w 992 624 992 816 0
w 752 608 640 688 0
I 640 688 608 688 0 0.5 5
w 528 736 576 688 0
150 592 688 592 656 0 2 0 5
w 592 656 656 608 0
w 864 -16 992 400 0
w 992 400 528 528 0
I 528 560 576 560 0 0.5 5
150 576 576 624 576 0 2 5 5
w 528 528 528 560 0
w 592 624 576 592 0
w 624 576 656 576 0
w 752 544 832 592 0
w 816 784 832 592 0
